500,P101_2_10_1.fcvrp,330.0,0.7076049514
500,P101_2_10_2.fcvrp,198.0,0.33863100040000005
500,P101_2_30_2.fcvrp,335.2,0.2559584848
500,P101_3_10_3.fcvrp,529.6,1.7621451237999999
500,P101_3_10_4.fcvrp,474.6,2.1779449624000002
500,P101_3_30_1.fcvrp,441.6,0.5070406266
500,P101_3_30_4.fcvrp,429.4,0.6321663324
500,P101_3_51_1.fcvrp,502.4,0.7381861517999999
500,P101_3_51_2.fcvrp,470.0,0.690501612
500,P101_3_51_4.fcvrp,551.2,0.6410576774
500,P101_4_30_3.fcvrp,627.4,0.9442431567999998
500,P101_4_51_3.fcvrp,651.6,1.1564241100000001
500,P60_10_30_3.fcvrp,756.4,0.5091944974
500,P60_10_6_3.fcvrp,693.0,0.6091973516
500,P60_10_6_4.fcvrp,660.0,0.3350454816
500,P60_11_30_1.fcvrp,709.0,0.5002749856
500,P60_12_30_4.fcvrp,761.2,0.3209411478
500,P60_13_18_3.fcvrp,854.6,0.5628561114
500,P60_14_6_3.fcvrp,938.0,0.6333038794
500,P60_15_30_3.fcvrp,994.0,0.4068378098
500,P60_4_6_2.fcvrp,215.0,0.165660567
500,P60_5_18_2.fcvrp,308.0,0.15222612900000002
500,P60_5_6_1.fcvrp,319.0,0.39374675859999997
500,P60_5_6_2.fcvrp,257.2,0.1918916738
500,P60_6_18_1.fcvrp,391.0,0.3091381292
500,P60_6_18_4.fcvrp,473.8,0.3089648946
500,P60_6_30_2.fcvrp,487.2,0.3207210452
500,P60_7_18_2.fcvrp,377.0,0.1911955578
500,P60_7_6_4.fcvrp,474.0,0.3887656156
500,P60_8_18_1.fcvrp,488.4,0.241345345
500,P60_8_30_1.fcvrp,545.2,0.3827667536
500,P60_8_30_4.fcvrp,583.0,0.32665120099999995
500,P60_8_6_1.fcvrp,397.0,0.4901211066
500,P60_9_18_3.fcvrp,662.2,0.6337042820000001
500,P60_9_18_4.fcvrp,607.2,0.30543278679999997
500,P60_9_30_2.fcvrp,617.6,0.38134002340000006
1000,P101_2_10_1.fcvrp,330.0,1.3228378629999997
1000,P101_2_10_2.fcvrp,198.0,0.6621952238
1000,P101_2_30_2.fcvrp,334.4,1.2245706462000001
1000,P101_3_10_3.fcvrp,524.4,4.1276600096
1000,P101_3_10_4.fcvrp,471.8,4.6937975378
1000,P101_3_30_1.fcvrp,437.6,1.1533456547999998
1000,P101_3_30_4.fcvrp,429.6,1.2781375792000003
1000,P101_3_51_1.fcvrp,499.0,1.4473081114
1000,P101_3_51_2.fcvrp,467.2,1.1853548578
1000,P101_3_51_4.fcvrp,547.0,1.4189846469999998
1000,P101_4_30_3.fcvrp,620.0,2.4574560576
1000,P101_4_51_3.fcvrp,640.4,2.399325563
1000,P60_10_30_3.fcvrp,757.0,0.9930241238
1000,P60_10_6_3.fcvrp,693.0,0.9264347016000002
1000,P60_10_6_4.fcvrp,660.0,0.7686364903999999
1000,P60_11_30_1.fcvrp,709.0,0.5402186644
1000,P60_12_30_4.fcvrp,761.0,0.6345891100000001
1000,P60_13_18_3.fcvrp,853.0,1.0601797545999998
1000,P60_14_6_3.fcvrp,938.0,1.0623422496
1000,P60_15_30_3.fcvrp,992.4,0.8599145373999999
1000,P60_4_6_2.fcvrp,215.0,0.304776849
1000,P60_5_18_2.fcvrp,308.0,0.33967383500000004
1000,P60_5_6_1.fcvrp,319.0,0.678782705
1000,P60_5_6_2.fcvrp,257.0,0.34005158840000005
1000,P60_6_18_1.fcvrp,391.0,0.48612292100000004
1000,P60_6_18_4.fcvrp,467.6,0.5887689184
1000,P60_6_30_2.fcvrp,478.0,0.6616466651999999
1000,P60_7_18_2.fcvrp,377.0,0.3233747808
1000,P60_7_6_4.fcvrp,474.0,0.6276213712
1000,P60_8_18_1.fcvrp,488.0,0.49564831639999996
1000,P60_8_30_1.fcvrp,545.2,0.7166571145999999
1000,P60_8_30_4.fcvrp,583.0,0.5650103606
1000,P60_8_6_1.fcvrp,397.0,0.6478551832
1000,P60_9_18_3.fcvrp,658.4,1.076943485
1000,P60_9_18_4.fcvrp,606.0,0.45563014160000004
1000,P60_9_30_2.fcvrp,614.0,0.4283625258
2000,P101_2_10_1.fcvrp,328.6,2.3576924972
2000,P101_2_10_2.fcvrp,198.0,0.9476387182
2000,P101_2_30_2.fcvrp,334.2,1.092072494
2000,P101_3_10_3.fcvrp,520.4,7.1625153482
2000,P101_3_10_4.fcvrp,471.4,5.4494652042
2000,P101_3_30_1.fcvrp,437.0,2.6150531886
2000,P101_3_30_4.fcvrp,426.2,2.4868644836000002
2000,P101_3_51_1.fcvrp,497.2,2.8038082096
2000,P101_3_51_2.fcvrp,466.6,2.3196179789999998
2000,P101_3_51_4.fcvrp,546.8,2.4220776226000003
2000,P101_4_30_3.fcvrp,623.0,3.7650524732
2000,P101_4_51_3.fcvrp,641.2,4.8022211226
2000,P60_10_30_3.fcvrp,756.0,1.7338065688
2000,P60_10_6_3.fcvrp,693.0,1.8497946210000002
2000,P60_10_6_4.fcvrp,660.0,1.0380225614
2000,P60_11_30_1.fcvrp,709.0,1.1284677018
2000,P60_12_30_4.fcvrp,761.0,0.8605184676000001
2000,P60_13_18_3.fcvrp,853.0,1.6200529572
2000,P60_14_6_3.fcvrp,938.0,2.9067323616
2000,P60_15_30_3.fcvrp,992.4,2.0205342475999997
2000,P60_4_6_2.fcvrp,215.0,0.5351630978
2000,P60_5_18_2.fcvrp,308.0,0.5688270498
2000,P60_5_6_1.fcvrp,319.0,1.2558840549999999
2000,P60_5_6_2.fcvrp,257.0,0.7076082359999999
2000,P60_6_18_1.fcvrp,391.0,0.9807295208
2000,P60_6_18_4.fcvrp,467.0,1.176364139
2000,P60_6_30_2.fcvrp,474.8,1.2370399688
2000,P60_7_18_2.fcvrp,377.0,0.43724674660000007
2000,P60_7_6_4.fcvrp,474.0,1.337625698
2000,P60_8_18_1.fcvrp,488.0,0.8230941732
2000,P60_8_30_1.fcvrp,545.0,1.045490133
2000,P60_8_30_4.fcvrp,583.0,1.012828005
2000,P60_8_6_1.fcvrp,397.0,1.3002057061999999
2000,P60_9_18_3.fcvrp,658.0,1.696227837
2000,P60_9_18_4.fcvrp,606.0,0.7184995824
2000,P60_9_30_2.fcvrp,614.0,0.7894603632
5000,P101_2_10_1.fcvrp,328.2,5.071615507599999
5000,P101_2_10_2.fcvrp,198.0,2.2946934992
5000,P101_2_30_2.fcvrp,334.0,2.5645434288
5000,P101_3_10_3.fcvrp,518.6,13.7631571676
5000,P101_3_10_4.fcvrp,471.0,17.962987495
5000,P101_3_30_1.fcvrp,433.0,5.14183104
5000,P101_3_30_4.fcvrp,424.6,7.8790792852
5000,P101_3_51_1.fcvrp,496.8,5.5094236444
5000,P101_3_51_2.fcvrp,466.0,4.39966234
5000,P101_3_51_4.fcvrp,543.8,6.7972435022
5000,P101_4_30_3.fcvrp,616.2,10.2129123348
5000,P101_4_51_3.fcvrp,638.6,11.282482729400002
5000,P60_10_30_3.fcvrp,756.0,3.6555911967999997
5000,P60_10_6_3.fcvrp,693.0,3.8106289801999997
5000,P60_10_6_4.fcvrp,660.0,2.9194402182
5000,P60_11_30_1.fcvrp,709.0,2.3679899347999998
5000,P60_12_30_4.fcvrp,761.0,2.304270405
5000,P60_13_18_3.fcvrp,853.0,3.4151116025999997
5000,P60_14_6_3.fcvrp,938.0,4.7341471168
5000,P60_15_30_3.fcvrp,992.0,3.0289828652
5000,P60_4_6_2.fcvrp,215.0,1.213535367
5000,P60_5_18_2.fcvrp,308.0,1.1816000469999999
5000,P60_5_6_1.fcvrp,319.0,3.1087631498000006
5000,P60_5_6_2.fcvrp,257.0,1.3629709148
5000,P60_6_18_1.fcvrp,391.0,2.2239430860000002
5000,P60_6_18_4.fcvrp,467.0,2.4575268956
5000,P60_6_30_2.fcvrp,473.4,2.403433809
5000,P60_7_18_2.fcvrp,377.0,1.0003760462
5000,P60_7_6_4.fcvrp,474.0,2.8764019232
5000,P60_8_18_1.fcvrp,488.0,1.8020821478000002
5000,P60_8_30_1.fcvrp,545.0,2.2373996436
5000,P60_8_30_4.fcvrp,583.0,1.7952758692
5000,P60_8_6_1.fcvrp,397.0,2.8017302289999995
5000,P60_9_18_3.fcvrp,658.0,4.2506695306
5000,P60_9_18_4.fcvrp,606.0,2.756603358
5000,P60_9_30_2.fcvrp,614.0,2.9673089975999996
10000,P101_2_10_1.fcvrp,328.0,9.8263761134
10000,P101_2_10_2.fcvrp,198.0,4.6067962298
10000,P101_2_30_2.fcvrp,334.0,4.5213804202
10000,P101_3_10_3.fcvrp,518.0,34.2148223768
10000,P101_3_10_4.fcvrp,469.2,26.6926373776
10000,P101_3_30_1.fcvrp,432.0,10.380685582000002
10000,P101_3_30_4.fcvrp,424.0,12.256311652399999
10000,P101_3_51_1.fcvrp,495.6,12.934465495000001
10000,P101_3_51_2.fcvrp,465.4,9.5409911882
10000,P101_3_51_4.fcvrp,542.8,11.6461921602
10000,P101_4_30_3.fcvrp,615.0,22.578309824999998
10000,P101_4_51_3.fcvrp,638.0,24.4961844678
10000,P60_10_30_3.fcvrp,756.0,8.938601097
10000,P60_10_6_3.fcvrp,693.0,6.01875891
10000,P60_10_6_4.fcvrp,660.0,4.9279541528
10000,P60_11_30_1.fcvrp,709.0,4.720326456
10000,P60_12_30_4.fcvrp,761.0,4.5446915304
10000,P60_13_18_3.fcvrp,853.0,6.3249647646
10000,P60_14_6_3.fcvrp,938.0,8.9584964176
10000,P60_15_30_3.fcvrp,992.0,6.0567298226
10000,P60_4_6_2.fcvrp,215.0,2.3384939440000005
10000,P60_5_18_2.fcvrp,308.0,1.83838993
10000,P60_5_6_1.fcvrp,319.0,6.3226433676000005
10000,P60_5_6_2.fcvrp,257.0,2.7074809558
10000,P60_6_18_1.fcvrp,391.0,3.9989289488000006
10000,P60_6_18_4.fcvrp,467.0,4.3822711218
10000,P60_6_30_2.fcvrp,473.0,4.2457069154000004
10000,P60_7_18_2.fcvrp,377.0,1.8610708164000003
10000,P60_7_6_4.fcvrp,474.0,4.429777369199999
10000,P60_8_18_1.fcvrp,488.0,3.6552840628
10000,P60_8_30_1.fcvrp,545.0,3.5354128275999996
10000,P60_8_30_4.fcvrp,583.0,3.3194552104
10000,P60_8_6_1.fcvrp,397.0,5.3004725714
10000,P60_9_18_3.fcvrp,658.0,6.809277573199999
10000,P60_9_18_4.fcvrp,606.0,3.9846926248
10000,P60_9_30_2.fcvrp,614.0,3.499018164
