P101_2_10_1.fcvrp,328.0,328.0,16.8364275044
P101_2_10_2.fcvrp,198.0,198.0,9.973421737399999
P101_2_30_2.fcvrp,334.0,334.0,9.0839314084
P101_3_10_3.fcvrp,518.0,518.6,59.6126140944
P101_3_10_4.fcvrp,469.0,469.4,53.46552756999999
P101_3_30_1.fcvrp,432.0,432.4,17.517830331000003
P101_3_51_1.fcvrp,495.0,496.0,19.758783232000003
P101_3_51_2.fcvrp,465.0,465.6,16.0936574776
P101_3_51_4.fcvrp,542.0,543.4,18.732150205200004
P101_4_30_3.fcvrp,615.0,616.0,35.336321202799994
P101_4_51_3.fcvrp,638.0,638.4,31.0955216032
P70_10_21_3.fcvrp,776.0,777.0,132.48362166060002
P70_10_35_3.fcvrp,840.0,844.8,18.683367405800002
P70_6_7_2.fcvrp,371.0,371.0,19.4903925042
P70_7_21_1.fcvrp,494.0,495.4,61.9112276706
P70_7_21_4.fcvrp,568.0,569.2,13.136444931
P70_8_35_4.fcvrp,647.0,647.6,16.143594798800002
P70_9_7_4.fcvrp,664.0,664.4,28.7798151924
P76_2_23_2_1.fcvrp,260.0,260.0,6.3842026962
P76_2_8_2_1.fcvrp,195.0,195.0,9.4241854196
P76_2_8_2_2.fcvrp,196.0,196.0,9.838188829
P76_3_23_1_2.fcvrp,360.0,360.0,15.1389538628
P76_3_23_4_1.fcvrp,436.0,436.0,11.806290283
P76_3_38_1_1.fcvrp,401.0,401.0,7.962794603400001
P76_3_38_2_1.fcvrp,365.0,365.0,6.6594630088
P76_3_8_1_2.fcvrp,347.0,347.0,18.8188735628
P76_3_8_4_1.fcvrp,404.0,404.0,20.2541225552
P76_4_23_3_1.fcvrp,552.0,552.0,25.689791168
P76_4_23_4_2.fcvrp,466.0,466.0,13.538610588800003
P76_4_38_1_2.fcvrp,438.0,438.0,15.2318083522
P76_4_38_4_1.fcvrp,505.0,505.0,14.6754198002
P76_4_8_3_1.fcvrp,491.0,491.0,31.347097170999994
P76_5_23_3_2.fcvrp,579.0,579.0,22.1681074672
